300.00	240.00	1.0070	0.99303	1.9930	2.4223	6.9580	73.075	74.197	1541.6	-0.021957	852.43	0.62241	liquid
301.00	240.00	1.0067	0.99333	2.0671	2.4965	7.2050	73.016	74.205	1544.2	-0.021897	834.32	0.62392	liquid
302.00	240.00	1.0064	0.99363	2.1411	2.5707	7.4511	72.956	74.213	1546.7	-0.021838	816.82	0.62541	liquid
303.00	240.00	1.0061	0.99395	2.2152	2.6450	7.6964	72.895	74.221	1549.1	-0.021779	799.91	0.62688	liquid
304.00	240.00	1.0058	0.99427	2.2893	2.7192	7.9410	72.834	74.229	1551.5	-0.021721	783.56	0.62834	liquid
305.00	240.00	1.0054	0.99460	2.3634	2.7934	8.1848	72.771	74.238	1553.8	-0.021663	767.75	0.62977	liquid
306.00	240.00	1.0051	0.99494	2.4375	2.8677	8.4278	72.707	74.246	1556.0	-0.021606	752.44	0.63119	liquid
307.00	240.00	1.0047	0.99528	2.5116	2.9419	8.6701	72.642	74.255	1558.2	-0.021550	737.63	0.63258	liquid
308.00	240.00	1.0044	0.99564	2.5857	3.0162	8.9115	72.576	74.263	1560.3	-0.021494	723.28	0.63396	liquid
309.00	240.00	1.0040	0.99600	2.6598	3.0904	9.1523	72.510	74.272	1562.4	-0.021438	709.38	0.63532	liquid
310.00	240.00	1.0037	0.99636	2.7339	3.1647	9.3923	72.443	74.281	1564.3	-0.021383	695.91	0.63667	liquid
311.00	240.00	1.0033	0.99674	2.8080	3.2390	9.6315	72.374	74.290	1566.2	-0.021328	682.85	0.63799	liquid
312.00	240.00	1.0029	0.99712	2.8822	3.3133	9.8700	72.305	74.299	1568.1	-0.021273	670.19	0.63930	liquid
313.00	240.00	1.0025	0.99750	2.9563	3.3876	10.108	72.236	74.308	1569.9	-0.021219	657.90	0.64059	liquid
314.00	240.00	1.0021	0.99790	3.0305	3.4619	10.345	72.165	74.317	1571.6	-0.021165	645.98	0.64187	liquid
315.00	240.00	1.0017	0.99830	3.1046	3.5362	10.581	72.094	74.326	1573.3	-0.021112	634.40	0.64313	liquid
316.00	240.00	1.0013	0.99871	3.1788	3.6106	10.817	72.022	74.335	1574.9	-0.021059	623.16	0.64437	liquid
317.00	240.00	1.0009	0.99912	3.2529	3.6849	11.052	71.949	74.344	1576.5	-0.021006	612.25	0.64559	liquid
318.00	240.00	1.0005	0.99954	3.3271	3.7593	11.286	71.875	74.353	1578.0	-0.020954	601.64	0.64680	liquid
319.00	240.00	1.0000	0.99997	3.4013	3.8336	11.519	71.801	74.362	1579.4	-0.020901	591.33	0.64800	liquid
320.00	240.00	0.99960	1.0004	3.4754	3.9080	11.752	71.726	74.372	1580.8	-0.020849	581.31	0.64917	liquid
321.00	240.00	0.99916	1.0008	3.5496	3.9824	11.984	71.651	74.381	1582.2	-0.020798	571.57	0.65033	liquid
322.00	240.00	0.99872	1.0013	3.6238	4.0567	12.215	71.575	74.391	1583.5	-0.020746	562.09	0.65148	liquid
323.00	240.00	0.99826	1.0017	3.6980	4.1311	12.446	71.498	74.400	1584.7	-0.020695	552.87	0.65261	liquid
324.00	240.00	0.99781	1.0022	3.7722	4.2055	12.676	71.421	74.409	1585.9	-0.020644	543.89	0.65372	liquid
325.00	240.00	0.99735	1.0027	3.8464	4.2800	12.905	71.343	74.419	1587.0	-0.020593	535.16	0.65482	liquid
326.00	240.00	0.99688	1.0031	3.9207	4.3544	13.134	71.265	74.429	1588.1	-0.020542	526.65	0.65590	liquid
327.00	240.00	0.99640	1.0036	3.9949	4.4288	13.362	71.186	74.438	1589.1	-0.020492	518.36	0.65696	liquid
328.00	240.00	0.99592	1.0041	4.0691	4.5033	13.589	71.107	74.448	1590.1	-0.020441	510.29	0.65802	liquid
329.00	240.00	0.99544	1.0046	4.1434	4.5777	13.816	71.027	74.458	1591.1	-0.020391	502.43	0.65905	liquid
330.00	240.00	0.99495	1.0051	4.2176	4.6522	14.042	70.947	74.468	1591.9	-0.020341	494.77	0.66007	liquid
331.00	240.00	0.99445	1.0056	4.2919	4.7266	14.267	70.866	74.477	1592.8	-0.020291	487.30	0.66108	liquid
332.00	240.00	0.99395	1.0061	4.3661	4.8011	14.492	70.785	74.487	1593.6	-0.020241	480.01	0.66207	liquid
333.00	240.00	0.99345	1.0066	4.4404	4.8756	14.716	70.703	74.497	1594.3	-0.020192	472.91	0.66304	liquid
334.00	240.00	0.99294	1.0071	4.5147	4.9501	14.939	70.621	74.508	1595.1	-0.020142	465.98	0.66400	liquid
335.00	240.00	0.99242	1.0076	4.5890	5.0246	15.162	70.539	74.518	1595.7	-0.020092	459.22	0.66495	liquid
336.00	240.00	0.99190	1.0082	4.6633	5.0992	15.384	70.456	74.528	1596.3	-0.020043	452.62	0.66588	liquid
337.00	240.00	0.99137	1.0087	4.7376	5.1737	15.606	70.373	74.538	1596.9	-0.019994	446.18	0.66679	liquid
338.00	240.00	0.99084	1.0092	4.8119	5.2482	15.827	70.289	74.549	1597.4	-0.019944	439.90	0.66770	liquid
339.00	240.00	0.99030	1.0098	4.8862	5.3228	16.047	70.206	74.559	1597.9	-0.019895	433.76	0.66858	liquid
340.00	240.00	0.98976	1.0103	4.9605	5.3974	16.267	70.121	74.570	1598.4	-0.019846	427.77	0.66946	liquid
341.00	240.00	0.98921	1.0109	5.0348	5.4719	16.486	70.037	74.581	1598.8	-0.019797	421.91	0.67031	liquid
342.00	240.00	0.98866	1.0115	5.1092	5.5465	16.704	69.952	74.592	1599.2	-0.019747	416.19	0.67116	liquid
343.00	240.00	0.98811	1.0120	5.1835	5.6211	16.922	69.867	74.603	1599.5	-0.019698	410.60	0.67199	liquid
344.00	240.00	0.98755	1.0126	5.2579	5.6957	17.139	69.782	74.614	1599.8	-0.019649	405.14	0.67280	liquid
345.00	240.00	0.98698	1.0132	5.3323	5.7703	17.356	69.697	74.625	1600.0	-0.019600	399.80	0.67360	liquid
346.00	240.00	0.98641	1.0138	5.4066	5.8450	17.572	69.611	74.637	1600.3	-0.019551	394.58	0.67439	liquid
347.00	240.00	0.98583	1.0144	5.4810	5.9196	17.787	69.525	74.648	1600.4	-0.019502	389.48	0.67516	liquid
348.00	240.00	0.98525	1.0150	5.5554	5.9943	18.002	69.439	74.660	1600.6	-0.019452	384.49	0.67592	liquid
349.00	240.00	0.98467	1.0156	5.6298	6.0689	18.216	69.353	74.672	1600.7	-0.019403	379.61	0.67666	liquid
350.00	240.00	0.98408	1.0162	5.7042	6.1436	18.430	69.266	74.684	1600.7	-0.019354	374.83	0.67739	liquid
351.00	240.00	0.98349	1.0168	5.7787	6.2183	18.643	69.180	74.696	1600.8	-0.019304	370.16	0.67811	liquid
352.00	240.00	0.98289	1.0174	5.8531	6.2930	18.855	69.093	74.708	1600.8	-0.019255	365.58	0.67881	liquid
353.00	240.00	0.98228	1.0180	5.9276	6.3677	19.067	69.006	74.721	1600.7	-0.019206	361.11	0.67950	liquid
354.00	240.00	0.98168	1.0187	6.0020	6.4424	19.279	68.919	74.734	1600.6	-0.019156	356.73	0.68018	liquid
355.00	240.00	0.98106	1.0193	6.0765	6.5172	19.490	68.832	74.747	1600.5	-0.019106	352.44	0.68084	liquid
356.00	240.00	0.98045	1.0199	6.1509	6.5919	19.700	68.745	74.760	1600.4	-0.019057	348.24	0.68149	liquid
357.00	240.00	0.97983	1.0206	6.2254	6.6667	19.910	68.658	74.773	1600.2	-0.019007	344.13	0.68212	liquid
358.00	240.00	0.97920	1.0212	6.2999	6.7415	20.119	68.570	74.787	1600.0	-0.018957	340.10	0.68274	liquid
359.00	240.00	0.97857	1.0219	6.3744	6.8163	20.327	68.483	74.800	1599.7	-0.018907	336.15	0.68335	liquid
360.00	240.00	0.97794	1.0226	6.4490	6.8911	20.535	68.396	74.814	1599.5	-0.018857	332.28	0.68394	liquid
361.00	240.00	0.97730	1.0232	6.5235	6.9659	20.743	68.308	74.828	1599.1	-0.018807	328.50	0.68452	liquid
362.00	240.00	0.97666	1.0239	6.5980	7.0407	20.950	68.220	74.843	1598.8	-0.018756	324.78	0.68509	liquid
363.00	240.00	0.97601	1.0246	6.6726	7.1156	21.157	68.133	74.857	1598.4	-0.018706	321.14	0.68565	liquid
364.00	240.00	0.97536	1.0253	6.7472	7.1905	21.362	68.045	74.872	1598.0	-0.018655	317.58	0.68619	liquid
365.00	240.00	0.97470	1.0260	6.8217	7.2653	21.568	67.958	74.887	1597.6	-0.018604	314.08	0.68671	liquid
366.00	240.00	0.97404	1.0266	6.8963	7.3402	21.773	67.870	74.903	1597.1	-0.018553	310.65	0.68723	liquid
367.00	240.00	0.97338	1.0273	6.9710	7.4151	21.977	67.783	74.918	1596.6	-0.018502	307.29	0.68773	liquid
368.00	240.00	0.97271	1.0281	7.0456	7.4901	22.181	67.695	74.934	1596.1	-0.018451	303.99	0.68822	liquid
369.00	240.00	0.97204	1.0288	7.1202	7.5650	22.384	67.607	74.950	1595.5	-0.018399	300.76	0.68870	liquid
370.00	240.00	0.97136	1.0295	7.1949	7.6400	22.587	67.520	74.967	1594.9	-0.018348	297.58	0.68916	liquid
371.00	240.00	0.97068	1.0302	7.2695	7.7149	22.790	67.433	74.983	1594.3	-0.018296	294.47	0.68961	liquid
372.00	240.00	0.97000	1.0309	7.3442	7.7899	22.992	67.345	75.000	1593.7	-0.018244	291.42	0.69005	liquid
373.00	240.00	0.96931	1.0317	7.4189	7.8649	23.193	67.258	75.018	1593.0	-0.018191	288.42	0.69047	liquid
374.00	240.00	0.96862	1.0324	7.4936	7.9400	23.394	67.171	75.035	1592.3	-0.018139	285.48	0.69089	liquid
375.00	240.00	0.96792	1.0331	7.5683	8.0150	23.594	67.083	75.053	1591.6	-0.018086	282.59	0.69129	liquid
376.00	240.00	0.96722	1.0339	7.6431	8.0901	23.794	66.996	75.071	1590.8	-0.018033	279.75	0.69167	liquid
377.00	240.00	0.96652	1.0346	7.7178	8.1652	23.994	66.909	75.089	1590.0	-0.017980	276.97	0.69205	liquid
378.00	240.00	0.96581	1.0354	7.7926	8.2403	24.192	66.823	75.108	1589.2	-0.017927	274.24	0.69241	liquid
379.00	240.00	0.96509	1.0362	7.8674	8.3154	24.391	66.736	75.127	1588.3	-0.017873	271.55	0.69276	liquid
380.00	240.00	0.96438	1.0369	7.9422	8.3905	24.589	66.649	75.146	1587.5	-0.017819	268.92	0.69310	liquid
381.00	240.00	0.96366	1.0377	8.0170	8.4657	24.786	66.562	75.166	1586.6	-0.017765	266.33	0.69342	liquid
382.00	240.00	0.96293	1.0385	8.0918	8.5408	24.983	66.476	75.186	1585.6	-0.017711	263.79	0.69374	liquid
383.00	240.00	0.96220	1.0393	8.1667	8.6160	25.180	66.390	75.206	1584.7	-0.017656	261.29	0.69404	liquid
384.00	240.00	0.96147	1.0401	8.2416	8.6913	25.376	66.304	75.227	1583.7	-0.017601	258.83	0.69433	liquid
385.00	240.00	0.96073	1.0409	8.3165	8.7665	25.572	66.218	75.248	1582.7	-0.017546	256.42	0.69461	liquid
386.00	240.00	0.95999	1.0417	8.3914	8.8418	25.767	66.132	75.269	1581.7	-0.017491	254.05	0.69487	liquid
387.00	240.00	0.95925	1.0425	8.4663	8.9170	25.962	66.046	75.291	1580.6	-0.017435	251.72	0.69512	liquid
388.00	240.00	0.95850	1.0433	8.5412	8.9923	26.156	65.960	75.313	1579.5	-0.017379	249.43	0.69537	liquid
389.00	240.00	0.95775	1.0441	8.6162	9.0677	26.350	65.875	75.335	1578.4	-0.017323	247.18	0.69559	liquid
390.00	240.00	0.95699	1.0449	8.6912	9.1430	26.544	65.790	75.358	1577.3	-0.017266	244.97	0.69581	liquid
391.00	240.00	0.95623	1.0458	8.7662	9.2184	26.737	65.705	75.381	1576.2	-0.017209	242.79	0.69602	liquid
392.00	240.00	0.95547	1.0466	8.8412	9.2938	26.929	65.620	75.405	1575.0	-0.017152	240.65	0.69621	liquid
393.00	240.00	0.95470	1.0474	8.9163	9.3692	27.121	65.535	75.428	1573.8	-0.017094	238.55	0.69639	liquid
394.00	240.00	0.95393	1.0483	8.9914	9.4446	27.313	65.451	75.453	1572.5	-0.017036	236.48	0.69657	liquid
395.00	240.00	0.95316	1.0491	9.0665	9.5201	27.504	65.366	75.477	1571.3	-0.016978	234.44	0.69672	liquid
396.00	240.00	0.95238	1.0500	9.1416	9.5956	27.695	65.282	75.502	1570.0	-0.016920	232.44	0.69687	liquid
397.00	240.00	0.95160	1.0509	9.2167	9.6711	27.886	65.198	75.528	1568.7	-0.016861	230.47	0.69701	liquid
398.00	240.00	0.95081	1.0517	9.2919	9.7466	28.076	65.114	75.553	1567.4	-0.016801	228.53	0.69713	liquid
399.00	240.00	0.95002	1.0526	9.3671	9.8222	28.265	65.031	75.579	1566.0	-0.016742	226.63	0.69725	liquid
400.00	240.00	0.94922	1.0535	9.4423	9.8978	28.454	64.947	75.606	1564.7	-0.016682	224.75	0.69735	liquid
401.00	240.00	0.94843	1.0544	9.5175	9.9734	28.643	64.864	75.633	1563.3	-0.016621	222.90	0.69744	liquid
402.00	240.00	0.94762	1.0553	9.5928	10.049	28.832	64.781	75.660	1561.9	-0.016561	221.09	0.69752	liquid
403.00	240.00	0.94682	1.0562	9.6681	10.125	29.020	64.699	75.688	1560.4	-0.016499	219.30	0.69759	liquid
404.00	240.00	0.94601	1.0571	9.7434	10.200	29.207	64.616	75.716	1559.0	-0.016438	217.54	0.69765	liquid
405.00	240.00	0.94520	1.0580	9.8187	10.276	29.395	64.534	75.745	1557.5	-0.016376	215.80	0.69769	liquid
406.00	240.00	0.94438	1.0589	9.8941	10.352	29.581	64.452	75.774	1556.0	-0.016313	214.10	0.69773	liquid
407.00	240.00	0.94356	1.0598	9.9695	10.428	29.768	64.370	75.803	1554.4	-0.016251	212.42	0.69776	liquid
408.00	240.00	0.94273	1.0607	10.045	10.504	29.954	64.289	75.833	1552.9	-0.016187	210.76	0.69777	liquid
409.00	240.00	0.94191	1.0617	10.120	10.579	30.140	64.207	75.864	1551.3	-0.016124	209.13	0.69777	liquid
410.00	240.00	0.94107	1.0626	10.196	10.655	30.325	64.126	75.894	1549.7	-0.016060	207.53	0.69776	liquid
411.00	240.00	0.94024	1.0636	10.271	10.731	30.510	64.045	75.926	1548.1	-0.015995	205.94	0.69775	liquid
412.00	240.00	0.93940	1.0645	10.347	10.807	30.694	63.965	75.957	1546.5	-0.015930	204.39	0.69772	liquid
413.00	240.00	0.93856	1.0655	10.422	10.883	30.878	63.884	75.990	1544.8	-0.015865	202.85	0.69768	liquid
414.00	240.00	0.93771	1.0664	10.498	10.959	31.062	63.804	76.022	1543.1	-0.015799	201.34	0.69763	liquid
415.00	240.00	0.93686	1.0674	10.574	11.035	31.246	63.724	76.055	1541.4	-0.015733	199.85	0.69756	liquid
416.00	240.00	0.93600	1.0684	10.649	11.111	31.429	63.644	76.089	1539.7	-0.015666	198.38	0.69749	liquid
417.00	240.00	0.93514	1.0694	10.725	11.187	31.612	63.565	76.123	1537.9	-0.015599	196.94	0.69741	liquid
418.00	240.00	0.93428	1.0703	10.801	11.263	31.794	63.486	76.157	1536.2	-0.015531	195.51	0.69732	liquid
419.00	240.00	0.93342	1.0713	10.876	11.340	31.976	63.407	76.192	1534.4	-0.015463	194.11	0.69721	liquid
420.00	240.00	0.93255	1.0723	10.952	11.416	32.158	63.328	76.227	1532.6	-0.015394	192.72	0.69710	liquid
421.00	240.00	0.93167	1.0733	11.028	11.492	32.339	63.250	76.263	1530.7	-0.015325	191.36	0.69698	liquid
422.00	240.00	0.93080	1.0743	11.104	11.568	32.520	63.172	76.300	1528.9	-0.015255	190.01	0.69684	liquid
423.00	240.00	0.92992	1.0754	11.180	11.645	32.701	63.094	76.337	1527.0	-0.015185	188.68	0.69670	liquid
424.00	240.00	0.92903	1.0764	11.256	11.721	32.881	63.016	76.374	1525.1	-0.015114	187.38	0.69654	liquid
425.00	240.00	0.92814	1.0774	11.332	11.797	33.061	62.939	76.412	1523.2	-0.015042	186.09	0.69638	liquid
426.00	240.00	0.92725	1.0785	11.408	11.874	33.240	62.861	76.450	1521.3	-0.014970	184.81	0.69620	liquid
427.00	240.00	0.92635	1.0795	11.484	11.950	33.420	62.785	76.489	1519.3	-0.014898	183.56	0.69602	liquid
428.00	240.00	0.92545	1.0806	11.560	12.027	33.599	62.708	76.529	1517.4	-0.014825	182.32	0.69582	liquid
429.00	240.00	0.92455	1.0816	11.636	12.103	33.777	62.632	76.569	1515.4	-0.014751	181.10	0.69562	liquid
430.00	240.00	0.92364	1.0827	11.712	12.180	33.956	62.555	76.609	1513.4	-0.014677	179.90	0.69540	liquid
431.00	240.00	0.92273	1.0837	11.788	12.257	34.134	62.480	76.650	1511.3	-0.014602	178.71	0.69518	liquid
432.00	240.00	0.92181	1.0848	11.864	12.333	34.311	62.404	76.692	1509.3	-0.014527	177.54	0.69494	liquid
433.00	240.00	0.92089	1.0859	11.940	12.410	34.489	62.329	76.734	1507.2	-0.014451	176.38	0.69470	liquid
434.00	240.00	0.91997	1.0870	12.017	12.487	34.666	62.254	76.777	1505.1	-0.014374	175.24	0.69444	liquid
435.00	240.00	0.91904	1.0881	12.093	12.564	34.843	62.179	76.820	1503.0	-0.014297	174.11	0.69418	liquid
436.00	240.00	0.91811	1.0892	12.169	12.640	35.019	62.104	76.864	1500.9	-0.014219	173.00	0.69390	liquid
437.00	240.00	0.91718	1.0903	12.246	12.717	35.195	62.030	76.908	1498.7	-0.014140	171.91	0.69362	liquid
438.00	240.00	0.91624	1.0914	12.322	12.794	35.371	61.956	76.953	1496.6	-0.014061	170.82	0.69333	liquid
439.00	240.00	0.91530	1.0925	12.399	12.871	35.547	61.882	76.999	1494.4	-0.013981	169.76	0.69302	liquid
440.00	240.00	0.91435	1.0937	12.475	12.948	35.722	61.809	77.045	1492.2	-0.013901	168.70	0.69271	liquid
441.00	240.00	0.91340	1.0948	12.552	13.025	35.897	61.736	77.092	1489.9	-0.013820	167.66	0.69239	liquid
442.00	240.00	0.91245	1.0960	12.629	13.102	36.071	61.663	77.139	1487.7	-0.013738	166.63	0.69205	liquid
443.00	240.00	0.91149	1.0971	12.705	13.180	36.246	61.590	77.187	1485.4	-0.013655	165.62	0.69171	liquid
444.00	240.00	0.91052	1.0983	12.782	13.257	36.420	61.518	77.235	1483.1	-0.013572	164.62	0.69142	liquid
445.00	240.00	0.90956	1.0994	12.859	13.334	36.594	61.446	77.284	1480.8	-0.013488	163.63	0.69116	liquid
446.00	240.00	0.90859	1.1006	12.935	13.411	36.767	61.374	77.334	1478.5	-0.013403	162.65	0.69086	liquid
447.00	240.00	0.90761	1.1018	13.012	13.489	36.940	61.302	77.384	1476.2	-0.013318	161.68	0.69053	liquid
448.00	240.00	0.90664	1.1030	13.089	13.566	37.113	61.231	77.435	1473.8	-0.013232	160.73	0.69018	liquid
449.00	240.00	0.90565	1.1042	13.166	13.644	37.286	61.160	77.487	1471.5	-0.013145	159.79	0.68982	liquid
450.00	240.00	0.90467	1.1054	13.243	13.721	37.459	61.089	77.539	1469.1	-0.013057	158.86	0.68945	liquid
451.00	240.00	0.90368	1.1066	13.320	13.799	37.631	61.019	77.592	1466.6	-0.012968	157.94	0.68907	liquid
452.00	240.00	0.90268	1.1078	13.397	13.876	37.803	60.948	77.646	1464.2	-0.012879	157.03	0.68868	liquid
453.00	240.00	0.90168	1.1090	13.474	13.954	37.974	60.878	77.700	1461.8	-0.012789	156.13	0.68828	liquid
454.00	240.00	0.90068	1.1103	13.552	14.032	38.146	60.809	77.755	1459.3	-0.012698	155.24	0.68786	liquid
455.00	240.00	0.89967	1.1115	13.629	14.109	38.317	60.739	77.810	1456.8	-0.012606	154.37	0.68744	liquid
456.00	240.00	0.89866	1.1128	13.706	14.187	38.488	60.670	77.867	1454.3	-0.012514	153.50	0.68701	liquid
457.00	240.00	0.89765	1.1140	13.784	14.265	38.658	60.601	77.924	1451.8	-0.012420	152.65	0.68656	liquid
458.00	240.00	0.89663	1.1153	13.861	14.343	38.829	60.533	77.981	1449.2	-0.012326	151.80	0.68611	liquid
459.00	240.00	0.89561	1.1166	13.938	14.421	38.999	60.464	78.040	1446.7	-0.012230	150.96	0.68565	liquid
460.00	240.00	0.89458	1.1178	14.016	14.499	39.169	60.396	78.099	1444.1	-0.012134	150.14	0.68518	liquid
461.00	240.00	0.89355	1.1191	14.093	14.577	39.338	60.328	78.159	1441.5	-0.012037	149.32	0.68470	liquid
462.00	240.00	0.89251	1.1204	14.171	14.656	39.508	60.261	78.219	1438.9	-0.011939	148.51	0.68421	liquid
463.00	240.00	0.89147	1.1217	14.249	14.734	39.677	60.194	78.280	1436.3	-0.011841	147.71	0.68371	liquid
464.00	240.00	0.89043	1.1231	14.327	14.812	39.846	60.127	78.342	1433.6	-0.011741	146.92	0.68320	liquid
465.00	240.00	0.88938	1.1244	14.404	14.890	40.015	60.060	78.405	1430.9	-0.011640	146.14	0.68268	liquid
466.00	240.00	0.88833	1.1257	14.482	14.969	40.183	59.993	78.469	1428.3	-0.011538	145.37	0.68216	liquid
467.00	240.00	0.88727	1.1271	14.560	15.047	40.352	59.927	78.533	1425.6	-0.011436	144.60	0.68162	liquid
468.00	240.00	0.88621	1.1284	14.638	15.126	40.520	59.861	78.598	1422.8	-0.011332	143.85	0.68108	liquid
469.00	240.00	0.88514	1.1298	14.716	15.205	40.687	59.796	78.664	1420.1	-0.011227	143.10	0.68053	liquid
470.00	240.00	0.88407	1.1311	14.794	15.283	40.855	59.730	78.731	1417.3	-0.011121	142.36	0.67996	liquid
471.00	240.00	0.88299	1.1325	14.872	15.362	41.022	59.665	78.798	1414.6	-0.011015	141.63	0.67939	liquid
472.00	240.00	0.88192	1.1339	14.951	15.441	41.190	59.600	78.867	1411.8	-0.010907	140.90	0.67881	liquid
473.00	240.00	0.88083	1.1353	15.029	15.520	41.357	59.536	78.936	1409.0	-0.010798	140.19	0.67823	liquid
474.00	240.00	0.87974	1.1367	15.107	15.599	41.523	59.471	79.006	1406.1	-0.010688	139.48	0.67763	liquid
475.00	240.00	0.87865	1.1381	15.186	15.678	41.690	59.407	79.077	1403.3	-0.010577	138.78	0.67702	liquid
476.00	240.00	0.87755	1.1395	15.264	15.757	41.856	59.343	79.149	1400.4	-0.010464	138.08	0.67641	liquid
477.00	240.00	0.87645	1.1410	15.343	15.836	42.023	59.280	79.221	1397.5	-0.010351	137.40	0.67579	liquid
478.00	240.00	0.87534	1.1424	15.421	15.915	42.189	59.217	79.295	1394.6	-0.010236	136.72	0.67516	liquid
479.00	240.00	0.87423	1.1439	15.500	15.995	42.354	59.154	79.369	1391.7	-0.010121	136.04	0.67452	liquid
480.00	240.00	0.87312	1.1453	15.579	16.074	42.520	59.091	79.444	1388.8	-0.010004	135.38	0.67387	liquid
481.00	240.00	0.87200	1.1468	15.658	16.154	42.685	59.028	79.521	1385.8	-0.0098854	134.72	0.67321	liquid
482.00	240.00	0.87087	1.1483	15.737	16.233	42.851	58.966	79.598	1382.9	-0.0097660	134.06	0.67255	liquid
483.00	240.00	0.86974	1.1498	15.816	16.313	43.016	58.904	79.676	1379.9	-0.0096453	133.42	0.67187	liquid
484.00	240.00	0.86860	1.1513	15.895	16.392	43.181	58.842	79.755	1376.9	-0.0095234	132.78	0.67119	liquid
485.00	240.00	0.86746	1.1528	15.974	16.472	43.345	58.781	79.835	1373.9	-0.0094001	132.14	0.67050	liquid
486.00	240.00	0.86632	1.1543	16.053	16.552	43.510	58.720	79.916	1370.8	-0.0092755	131.51	0.66980	liquid
487.00	240.00	0.86517	1.1558	16.132	16.632	43.674	58.659	79.998	1367.8	-0.0091496	130.89	0.66910	liquid
488.00	240.00	0.86402	1.1574	16.212	16.712	43.838	58.598	80.081	1364.7	-0.0090224	130.27	0.66838	liquid
489.00	240.00	0.86286	1.1589	16.291	16.792	44.002	58.538	80.166	1361.6	-0.0088937	129.66	0.66766	liquid
490.00	240.00	0.86169	1.1605	16.371	16.872	44.166	58.478	80.251	1358.5	-0.0087637	129.06	0.66692	liquid
491.00	240.00	0.86052	1.1621	16.450	16.953	44.330	58.418	80.337	1355.3	-0.0086322	128.46	0.66618	liquid
492.00	240.00	0.85935	1.1637	16.530	17.033	44.493	58.359	80.424	1352.2	-0.0084993	127.87	0.66543	liquid
493.00	240.00	0.85817	1.1653	16.610	17.114	44.657	58.299	80.513	1349.0	-0.0083649	127.28	0.66468	liquid
494.00	240.00	0.85698	1.1669	16.690	17.194	44.820	58.240	80.602	1345.9	-0.0082290	126.70	0.66391	liquid
495.00	240.00	0.85579	1.1685	16.770	17.275	44.983	58.181	80.693	1342.7	-0.0080916	126.12	0.66314	liquid
496.00	240.00	0.85460	1.1701	16.850	17.356	45.146	58.123	80.785	1339.4	-0.0079527	125.55	0.66235	liquid
497.00	240.00	0.85340	1.1718	16.930	17.436	45.309	58.065	80.877	1336.2	-0.0078121	124.98	0.66156	liquid
498.00	240.00	0.85219	1.1734	17.010	17.517	45.472	58.007	80.972	1333.0	-0.0076700	124.42	0.66076	liquid
499.00	240.00	0.85098	1.1751	17.090	17.598	45.634	57.949	81.067	1329.7	-0.0075263	123.86	0.65996	liquid
500.00	240.00	0.84976	1.1768	17.171	17.679	45.796	57.892	81.163	1326.4	-0.0073809	123.31	0.65914	liquid
501.00	240.00	0.84854	1.1785	17.251	17.761	45.959	57.834	81.261	1323.1	-0.0072338	122.76	0.65832	liquid
502.00	240.00	0.84731	1.1802	17.332	17.842	46.121	57.777	81.360	1319.8	-0.0070850	122.21	0.65749	liquid
503.00	240.00	0.84608	1.1819	17.412	17.923	46.283	57.721	81.460	1316.4	-0.0069345	121.67	0.65665	liquid
504.00	240.00	0.84484	1.1837	17.493	18.005	46.445	57.664	81.562	1313.1	-0.0067822	121.14	0.65580	liquid
505.00	240.00	0.84360	1.1854	17.574	18.087	46.606	57.608	81.665	1309.7	-0.0066281	120.61	0.65494	liquid
506.00	240.00	0.84235	1.1872	17.655	18.168	46.768	57.552	81.769	1306.3	-0.0064721	120.08	0.65408	liquid
507.00	240.00	0.84109	1.1889	17.736	18.250	46.930	57.497	81.875	1302.9	-0.0063143	119.56	0.65320	liquid
508.00	240.00	0.83983	1.1907	17.817	18.332	47.091	57.442	81.982	1299.4	-0.0061546	119.05	0.65232	liquid
509.00	240.00	0.83856	1.1925	17.898	18.414	47.252	57.387	82.090	1296.0	-0.0059930	118.53	0.65143	liquid
510.00	240.00	0.83729	1.1943	17.980	18.496	47.414	57.332	82.200	1292.5	-0.0058294	118.02	0.65054	liquid
511.00	240.00	0.83601	1.1962	18.061	18.578	47.575	57.277	82.311	1289.0	-0.0056639	117.52	0.64963	liquid
512.00	240.00	0.83473	1.1980	18.143	18.661	47.736	57.223	82.424	1285.5	-0.0054963	117.02	0.64872	liquid
513.00	240.00	0.83344	1.1999	18.224	18.743	47.897	57.169	82.538	1282.0	-0.0053266	116.52	0.64779	liquid
514.00	240.00	0.83214	1.2017	18.306	18.826	48.058	57.115	82.654	1278.5	-0.0051548	116.03	0.64686	liquid
515.00	240.00	0.83084	1.2036	18.388	18.909	48.218	57.062	82.771	1274.9	-0.0049808	115.54	0.64593	liquid
516.00	240.00	0.82953	1.2055	18.470	18.991	48.379	57.009	82.890	1271.3	-0.0048047	115.05	0.64498	liquid
517.00	240.00	0.82821	1.2074	18.552	19.074	48.540	56.956	83.011	1267.7	-0.0046263	114.57	0.64402	liquid
518.00	240.00	0.82689	1.2094	18.635	19.157	48.700	56.903	83.133	1264.1	-0.0044457	114.09	0.64306	liquid
519.00	240.00	0.82556	1.2113	18.717	19.241	48.861	56.851	83.257	1260.5	-0.0042627	113.61	0.64209	liquid
520.00	240.00	0.82422	1.2133	18.799	19.324	49.021	56.799	83.382	1256.8	-0.0040774	113.14	0.64111	liquid
521.00	240.00	0.82288	1.2152	18.882	19.407	49.181	56.747	83.509	1253.1	-0.0038897	112.67	0.64012	liquid
522.00	240.00	0.82153	1.2172	18.965	19.491	49.342	56.696	83.639	1249.5	-0.0036996	112.21	0.63913	liquid
523.00	240.00	0.82018	1.2192	19.047	19.575	49.502	56.645	83.769	1245.7	-0.0035069	111.74	0.63812	liquid
524.00	240.00	0.81882	1.2213	19.130	19.658	49.662	56.594	83.902	1242.0	-0.0033117	111.28	0.63711	liquid
525.00	240.00	0.81745	1.2233	19.214	19.742	49.822	56.543	84.037	1238.3	-0.0031140	110.83	0.63609	liquid
526.00	240.00	0.81607	1.2254	19.297	19.827	49.982	56.493	84.173	1234.5	-0.0029135	110.37	0.63506	liquid
527.00	240.00	0.81469	1.2275	19.380	19.911	50.142	56.443	84.312	1230.7	-0.0027104	109.92	0.63402	liquid
528.00	240.00	0.81330	1.2296	19.464	19.995	50.302	56.393	84.452	1226.9	-0.0025045	109.47	0.63298	liquid
529.00	240.00	0.81190	1.2317	19.547	20.080	50.462	56.344	84.595	1223.1	-0.0022958	109.03	0.63192	liquid
530.00	240.00	0.81050	1.2338	19.631	20.164	50.622	56.295	84.739	1219.2	-0.0020843	108.59	0.63086	liquid
531.00	240.00	0.80909	1.2360	19.715	20.249	50.782	56.246	84.886	1215.4	-0.0018698	108.15	0.62979	liquid
532.00	240.00	0.80767	1.2381	19.799	20.334	50.942	56.197	85.035	1211.5	-0.0016523	107.71	0.62871	liquid
533.00	240.00	0.80624	1.2403	19.883	20.419	51.101	56.149	85.186	1207.6	-0.0014318	107.28	0.62762	liquid
534.00	240.00	0.80481	1.2425	19.967	20.505	51.261	56.101	85.340	1203.6	-0.0012082	106.85	0.62653	liquid
535.00	240.00	0.80337	1.2448	20.052	20.590	51.421	56.054	85.495	1199.7	-0.00098144	106.42	0.62542	liquid
536.00	240.00	0.80192	1.2470	20.136	20.676	51.581	56.006	85.653	1195.7	-0.00075141	105.99	0.62431	liquid
537.00	240.00	0.80046	1.2493	20.221	20.761	51.741	55.959	85.814	1191.7	-0.00051808	105.57	0.62319	liquid
538.00	240.00	0.79899	1.2516	20.306	20.847	51.900	55.912	85.977	1187.7	-0.00028137	105.14	0.62206	liquid
539.00	240.00	0.79752	1.2539	20.391	20.933	52.060	55.866	86.142	1183.7	-4.1197e-05	104.72	0.62092	liquid
540.00	240.00	0.79604	1.2562	20.476	21.019	52.220	55.820	86.310	1179.6	0.00020250	104.31	0.61977	liquid
541.00	240.00	0.79455	1.2586	20.562	21.106	52.380	55.774	86.481	1175.6	0.00044981	103.89	0.61862	liquid
542.00	240.00	0.79305	1.2610	20.647	21.192	52.540	55.729	86.654	1171.5	0.00070080	103.48	0.61745	liquid
543.00	240.00	0.79155	1.2634	20.733	21.279	52.700	55.684	86.830	1167.4	0.00095557	103.07	0.61628	liquid
544.00	240.00	0.79003	1.2658	20.819	21.366	52.860	55.639	87.009	1163.2	0.0012142	102.66	0.61510	liquid
545.00	240.00	0.78851	1.2682	20.905	21.453	53.020	55.595	87.191	1159.1	0.0014768	102.25	0.61391	liquid
546.00	240.00	0.78697	1.2707	20.991	21.540	53.180	55.550	87.376	1154.9	0.0017433	101.85	0.61271	liquid
547.00	240.00	0.78543	1.2732	21.077	21.628	53.340	55.507	87.564	1150.7	0.0020141	101.44	0.61150	liquid
548.00	240.00	0.78388	1.2757	21.164	21.716	53.500	55.463	87.755	1146.5	0.0022890	101.04	0.61029	liquid
549.00	240.00	0.78232	1.2782	21.251	21.803	53.660	55.420	87.949	1142.2	0.0025683	100.64	0.60906	liquid
550.00	240.00	0.78075	1.2808	21.338	21.891	53.820	55.377	88.147	1137.9	0.0028520	100.24	0.60783	liquid
551.00	240.00	0.77917	1.2834	21.425	21.980	53.980	55.335	88.347	1133.6	0.0031402	99.848	0.60659	liquid
552.00	240.00	0.77758	1.2860	21.512	22.068	54.141	55.293	88.552	1129.3	0.0034331	99.454	0.60533	liquid
553.00	240.00	0.77599	1.2887	21.600	22.157	54.301	55.252	88.760	1125.0	0.0037307	99.061	0.60407	liquid
554.00	240.00	0.77438	1.2914	21.687	22.246	54.462	55.210	88.971	1120.6	0.0040332	98.670	0.60280	liquid
555.00	240.00	0.77276	1.2941	21.775	22.335	54.623	55.169	89.186	1116.2	0.0043407	98.280	0.60152	liquid
556.00	240.00	0.77113	1.2968	21.863	22.424	54.783	55.129	89.405	1111.8	0.0046533	97.891	0.60024	liquid
557.00	240.00	0.76949	1.2996	21.952	22.514	54.944	55.089	89.628	1107.4	0.0049711	97.504	0.59894	liquid
558.00	240.00	0.76784	1.3024	22.040	22.603	55.105	55.049	89.855	1102.9	0.0052944	97.119	0.59763	liquid
559.00	240.00	0.76618	1.3052	22.129	22.693	55.266	55.010	90.086	1098.4	0.0056231	96.735	0.59631	liquid
560.00	240.00	0.76451	1.3080	22.218	22.783	55.427	54.971	90.322	1093.9	0.0059575	96.352	0.59499	liquid
561.00	240.00	0.76283	1.3109	22.307	22.874	55.589	54.933	90.562	1089.4	0.0062978	95.970	0.59365	liquid
562.00	240.00	0.76113	1.3138	22.397	22.965	55.750	54.894	90.806	1084.8	0.0066439	95.589	0.59231	liquid
563.00	240.00	0.75943	1.3168	22.486	23.056	55.912	54.857	91.055	1080.2	0.0069963	95.210	0.59095	liquid
564.00	240.00	0.75771	1.3198	22.576	23.147	56.074	54.820	91.309	1075.6	0.0073549	94.831	0.58959	liquid
565.00	240.00	0.75598	1.3228	22.666	23.238	56.236	54.783	91.568	1070.9	0.0077199	94.454	0.58822	liquid
566.00	240.00	0.75424	1.3258	22.757	23.330	56.398	54.747	91.832	1066.3	0.0080916	94.077	0.58683	liquid
567.00	240.00	0.75249	1.3289	22.847	23.422	56.560	54.711	92.101	1061.6	0.0084702	93.702	0.58544	liquid
568.00	240.00	0.75072	1.3321	22.938	23.514	56.723	54.675	92.375	1056.8	0.0088557	93.327	0.58404	liquid
569.00	240.00	0.74894	1.3352	23.029	23.607	56.885	54.641	92.655	1052.1	0.0092485	92.953	0.58262	liquid
570.00	240.00	0.74715	1.3384	23.121	23.699	57.048	54.606	92.941	1047.3	0.0096487	92.580	0.58120	liquid
571.00	240.00	0.74535	1.3417	23.212	23.792	57.212	54.572	93.233	1042.5	0.010057	92.208	0.57976	liquid
572.00	240.00	0.74353	1.3449	23.304	23.886	57.375	54.539	93.531	1037.6	0.010472	91.837	0.57832	liquid
573.00	240.00	0.74170	1.3483	23.397	23.980	57.539	54.506	93.835	1032.8	0.010896	91.466	0.57686	liquid
574.00	240.00	0.73985	1.3516	23.489	24.074	57.703	54.474	94.146	1027.9	0.011328	91.095	0.57540	liquid
575.00	240.00	0.73799	1.3550	23.582	24.168	57.867	54.442	94.464	1022.9	0.011769	90.725	0.57392	liquid
576.00	240.00	0.73611	1.3585	23.675	24.262	58.031	54.411	94.789	1018.0	0.012219	90.356	0.57243	liquid
577.00	240.00	0.73422	1.3620	23.769	24.357	58.196	54.380	95.121	1013.0	0.012677	89.987	0.57094	liquid
578.00	240.00	0.73232	1.3655	23.862	24.453	58.361	54.350	95.460	1007.9	0.013145	89.618	0.56943	liquid
579.00	240.00	0.73040	1.3691	23.956	24.548	58.526	54.320	95.808	1002.9	0.013623	89.250	0.56791	liquid
580.00	240.00	0.72846	1.3728	24.051	24.644	58.692	54.291	96.163	997.75	0.014111	88.882	0.56637	liquid
581.00	240.00	0.72651	1.3765	24.146	24.741	58.858	54.263	96.527	992.62	0.014610	88.514	0.56483	liquid
582.00	240.00	0.72454	1.3802	24.241	24.837	59.024	54.236	96.899	987.45	0.015119	88.146	0.56327	liquid
583.00	240.00	0.72255	1.3840	24.336	24.934	59.191	54.209	97.281	982.24	0.015639	87.778	0.56171	liquid
584.00	240.00	0.72054	1.3878	24.432	25.032	59.358	54.182	97.671	977.00	0.016170	87.411	0.56013	liquid
585.00	240.00	0.71852	1.3917	24.528	25.130	59.525	54.157	98.072	971.72	0.016713	87.043	0.55854	liquid
586.00	240.00	0.71648	1.3957	24.625	25.228	59.693	54.132	98.483	966.41	0.017269	86.675	0.55693	liquid
587.00	240.00	0.71442	1.3997	24.722	25.327	59.861	54.108	98.904	961.06	0.017837	86.307	0.55532	liquid
588.00	240.00	0.71234	1.4038	24.819	25.426	60.030	54.084	99.336	955.67	0.018418	85.939	0.55369	liquid
589.00	240.00	0.71025	1.4080	24.917	25.525	60.199	54.062	99.780	950.23	0.019013	85.571	0.55204	liquid
590.00	240.00	0.70813	1.4122	25.015	25.625	60.369	54.040	100.24	944.76	0.019622	85.202	0.55039	liquid
591.00	240.00	0.70599	1.4164	25.114	25.726	60.539	54.019	100.70	939.25	0.020246	84.833	0.54872	liquid
592.00	240.00	0.70383	1.4208	25.213	25.827	60.710	53.999	101.18	933.69	0.020884	84.463	0.54704	liquid
593.00	240.00	0.70165	1.4252	25.312	25.928	60.881	53.980	101.68	928.10	0.021539	84.093	0.54534	liquid
594.00	240.00	0.69945	1.4297	25.412	26.030	61.053	53.962	102.19	922.45	0.022209	83.722	0.54363	liquid
595.00	240.00	0.69722	1.4343	25.513	26.133	61.225	53.944	102.71	916.77	0.022897	83.350	0.54191	liquid
596.00	240.00	0.69497	1.4389	25.614	26.236	61.398	53.928	103.25	911.04	0.023602	82.977	0.54017	liquid
597.00	240.00	0.69269	1.4436	25.715	26.339	61.571	53.913	103.80	905.26	0.024326	82.604	0.53841	liquid
598.00	240.00	0.69039	1.4484	25.817	26.443	61.746	53.898	104.38	899.43	0.025069	82.229	0.53664	liquid
599.00	240.00	0.68807	1.4533	25.920	26.548	61.920	53.885	104.97	893.55	0.025831	81.854	0.53486	liquid
600.00	240.00	0.68572	1.4583	26.023	26.653	62.096	53.873	105.57	887.63	0.026615	81.477	0.53305	liquid
601.00	240.00	0.68334	1.4634	26.126	26.759	62.272	53.862	106.20	881.65	0.027420	81.099	0.53124	liquid
602.00	240.00	0.68093	1.4686	26.231	26.866	62.450	53.853	106.85	875.62	0.028247	80.720	0.52940	liquid
603.00	240.00	0.67850	1.4738	26.336	26.973	62.627	53.845	107.52	869.54	0.029098	80.339	0.52755	liquid
604.00	240.00	0.67603	1.4792	26.441	27.081	62.806	53.838	108.22	863.40	0.029974	79.957	0.52568	liquid
605.00	240.00	0.67353	1.4847	26.547	27.189	62.986	53.832	108.93	857.20	0.030875	79.572	0.52379	liquid
606.00	240.00	0.67100	1.4903	26.654	27.299	63.166	53.828	109.68	850.94	0.031804	79.187	0.52189	liquid
607.00	240.00	0.66844	1.4960	26.762	27.409	63.348	53.825	110.45	844.63	0.032760	78.799	0.51996	liquid
608.00	240.00	0.66584	1.5019	26.870	27.519	63.530	53.824	111.25	838.25	0.033747	78.409	0.51802	liquid
609.00	240.00	0.66321	1.5078	26.979	27.631	63.714	53.825	112.08	831.81	0.034764	78.016	0.51606	liquid
610.00	240.00	0.66054	1.5139	27.089	27.744	63.898	53.827	112.94	825.30	0.035814	77.622	0.51407	liquid
611.00	240.00	0.65783	1.5201	27.200	27.857	64.084	53.832	113.84	818.73	0.036899	77.225	0.51206	liquid
612.00	240.00	0.65508	1.5265	27.311	27.971	64.271	53.838	114.77	812.08	0.038020	76.825	0.51004	liquid
613.00	240.00	0.65229	1.5331	27.424	28.087	64.459	53.846	115.74	805.36	0.039179	76.422	0.50799	liquid
614.00	240.00	0.64946	1.5397	27.537	28.203	64.649	53.857	116.76	798.56	0.040379	76.017	0.50591	liquid
615.00	240.00	0.64658	1.5466	27.651	28.320	64.839	53.870	117.82	791.69	0.041621	75.608	0.50382	liquid
616.00	240.00	0.64366	1.5536	27.767	28.438	65.032	53.885	118.92	784.73	0.042908	75.195	0.50169	liquid
617.00	240.00	0.64068	1.5608	27.883	28.558	65.226	53.902	120.08	777.69	0.044244	74.779	0.49955	liquid
618.00	240.00	0.63766	1.5682	28.001	28.679	65.421	53.923	121.30	770.56	0.045630	74.359	0.49737	liquid
619.00	240.00	0.63457	1.5759	28.119	28.801	65.618	53.946	122.57	763.34	0.047071	73.935	0.49517	liquid
620.00	240.00	0.63144	1.5837	28.239	28.924	65.817	53.973	123.92	756.02	0.048569	73.506	0.49294	liquid
621.00	240.00	0.62824	1.5917	28.360	29.048	66.018	54.003	125.33	748.60	0.050129	73.073	0.49068	liquid
622.00	240.00	0.62498	1.6001	28.483	29.174	66.221	54.036	126.82	741.07	0.051756	72.634	0.48839	liquid
623.00	240.00	0.62165	1.6086	28.607	29.302	66.426	54.073	128.39	733.42	0.053453	72.190	0.48607	liquid
624.00	240.00	0.61826	1.6175	28.732	29.431	66.633	54.115	130.06	725.66	0.055227	71.740	0.48371	liquid
625.00	240.00	0.61479	1.6266	28.859	29.562	66.843	54.161	131.83	717.77	0.057083	71.284	0.48132	liquid
626.00	240.00	0.61124	1.6360	28.988	29.695	67.055	54.211	133.71	709.74	0.059028	70.821	0.47889	liquid
627.00	240.00	0.60760	1.6458	29.118	29.830	67.270	54.267	135.72	701.57	0.061069	70.351	0.47643	liquid
628.00	240.00	0.60388	1.6560	29.251	29.966	67.488	54.329	137.87	693.25	0.063215	69.872	0.47392	liquid
629.00	240.00	0.60006	1.6665	29.385	30.106	67.709	54.397	140.18	684.76	0.065474	69.385	0.47137	liquid
630.00	240.00	0.59613	1.6775	29.522	30.247	67.934	54.472	142.66	676.09	0.067859	68.889	0.46878	liquid
631.00	240.00	0.59210	1.6889	29.661	30.391	68.162	54.555	145.33	667.24	0.070380	68.383	0.46615	liquid
632.00	240.00	0.58795	1.7008	29.802	30.538	68.394	54.647	148.23	658.19	0.073051	67.866	0.46346	liquid
633.00	240.00	0.58366	1.7133	29.947	30.687	68.631	54.748	151.39	648.91	0.075888	67.336	0.46073	liquid
634.00	240.00	0.57923	1.7264	30.094	30.841	68.873	54.860	154.83	639.40	0.078909	66.794	0.45794	liquid
635.00	240.00	0.57465	1.7402	30.245	30.997	69.120	54.984	158.61	629.64	0.082134	66.236	0.45510	liquid
636.00	240.00	0.56990	1.7547	30.399	31.158	69.373	55.122	162.79	619.59	0.085586	65.663	0.45220	liquid
637.00	240.00	0.56495	1.7701	30.558	31.323	69.632	55.276	167.41	609.25	0.089293	65.071	0.44924	liquid
638.00	240.00	0.55980	1.7864	30.721	31.493	69.899	55.448	172.57	598.59	0.093286	64.459	0.44621	liquid
639.00	240.00	0.55441	1.8037	30.888	31.668	70.173	55.641	178.36	587.57	0.097602	63.824	0.44312	liquid
640.00	240.00	0.54876	1.8223	31.062	31.850	70.457	55.859	184.90	576.18	0.10228	63.163	0.43996	liquid
641.00	240.00	0.54280	1.8423	31.242	32.038	70.752	56.105	192.36	564.37	0.10738	62.473	0.43673	liquid
642.00	240.00	0.53651	1.8639	31.429	32.235	71.058	56.386	200.93	552.13	0.11297	61.749	0.43344	liquid
643.00	240.00	0.52982	1.8874	31.625	32.441	71.378	56.707	210.89	539.40	0.11910	60.987	0.43008	liquid
644.00	240.00	0.52266	1.9133	31.830	32.657	71.715	57.077	222.63	526.14	0.12590	60.179	0.42667	liquid
645.00	240.00	0.51496	1.9419	32.047	32.887	72.071	57.505	236.69	512.31	0.13347	59.317	0.42323	liquid
646.00	240.00	0.50660	1.9739	32.278	33.132	72.450	58.003	253.92	497.85	0.14200	58.391	0.41980	liquid
647.00	240.00	0.49743	2.0103	32.527	33.396	72.859	58.586	275.73	482.66	0.15173	57.385	0.41646	liquid
648.00	240.00	0.48721	2.0525	32.798	33.686	73.306	59.274	304.59	466.61	0.16305	56.277	0.41336	supercritical
649.00	240.00	0.47557	2.1027	33.100	34.009	73.805	60.094	345.15	449.51	0.17654	55.032	0.41084	supercritical
650.00	240.00	0.46189	2.1650	33.447	34.383	74.380	61.094	406.81	431.10	0.19310	53.590	0.40946	supercritical
651.00	240.00	0.44502	2.2471	33.864	34.836	75.077	62.380	508.63	411.12	0.21403	51.845	0.41019	supercritical
652.00	240.00	0.42285	2.3649	34.403	35.425	75.982	64.260	687.10	389.43	0.24099	49.609	0.41386	supercritical
653.00	240.00	0.39152	2.5541	35.161	36.266	77.270	67.577	1044.3	365.52	0.27755	46.556	0.42275	supercritical
654.00	240.00	0.34061	2.9359	36.445	37.714	79.486	73.414	1967.0	342.82	0.33392	41.848	0.44527	supercritical
655.00	240.00	0.27969	3.5754	38.229	39.775	82.635	75.887	1764.8	351.17	0.38910	36.368	0.39805	supercritical
656.00	240.00	0.24648	4.0571	39.408	41.162	84.751	73.029	1096.1	368.87	0.42079	33.654	0.32919	supercritical
657.00	240.00	0.22725	4.4005	40.185	42.087	86.160	70.346	790.01	382.37	0.44052	32.252	0.28687	supercritical
658.00	240.00	0.21404	4.6720	40.768	42.788	87.226	68.268	625.13	392.78	0.45435	31.370	0.25867	supercritical
659.00	240.00	0.20407	4.9002	41.239	43.358	88.092	66.612	522.65	401.28	0.46467	30.752	0.23824	supercritical
660.00	240.00	0.19610	5.0994	41.639	43.844	88.828	65.240	452.72	408.53	0.47270	30.290	0.22259	supercritical
661.00	240.00	0.18948	5.2777	41.988	44.270	89.473	64.065	401.85	414.90	0.47914	29.928	0.21010	supercritical
662.00	240.00	0.18382	5.4401	42.299	44.651	90.050	63.033	363.06	420.62	0.48442	29.638	0.19985	supercritical
663.00	240.00	0.17889	5.5900	42.582	44.999	90.574	62.111	332.43	425.83	0.48882	29.399	0.19124	supercritical
664.00	240.00	0.17453	5.7298	42.841	45.318	91.056	61.274	307.57	430.64	0.49252	29.200	0.18389	supercritical
665.00	240.00	0.17062	5.8610	43.081	45.615	91.503	60.506	286.94	435.11	0.49566	29.032	0.17752	supercritical
666.00	240.00	0.16708	5.9852	43.305	45.893	91.920	59.794	269.52	439.31	0.49834	28.889	0.17194	supercritical
667.00	240.00	0.16385	6.1032	43.516	46.155	92.313	59.130	254.57	443.27	0.50065	28.766	0.16700	supercritical
668.00	240.00	0.16088	6.2159	43.715	46.403	92.685	58.507	241.59	447.02	0.50263	28.659	0.16259	supercritical
669.00	240.00	0.15813	6.3238	43.904	46.639	93.037	57.920	230.20	450.60	0.50434	28.568	0.15862	supercritical
670.00	240.00	0.15558	6.4276	44.085	46.864	93.374	57.363	220.10	454.01	0.50580	28.488	0.15504	supercritical
671.00	240.00	0.15320	6.5276	44.257	47.079	93.695	56.834	211.09	457.29	0.50706	28.419	0.15178	supercritical
672.00	240.00	0.15096	6.6242	44.422	47.286	94.003	56.329	202.98	460.44	0.50813	28.359	0.14879	supercritical
673.00	240.00	0.14886	6.7178	44.581	47.485	94.300	55.847	195.65	463.47	0.50903	28.307	0.14606	supercritical
674.00	240.00	0.14687	6.8086	44.734	47.678	94.585	55.385	188.97	466.40	0.50978	28.262	0.14354	supercritical
675.00	240.00	0.14500	6.8968	44.882	47.864	94.861	54.941	182.86	469.23	0.51041	28.223	0.14121	supercritical
676.00	240.00	0.14321	6.9826	45.025	48.044	95.127	54.514	177.26	471.97	0.51091	28.189	0.13905	supercritical
677.00	240.00	0.14152	7.0662	45.163	48.218	95.385	54.103	172.08	474.64	0.51130	28.161	0.13704	supercritical
678.00	240.00	0.13990	7.1478	45.297	48.388	95.636	53.707	167.29	477.22	0.51159	28.137	0.13516	supercritical
679.00	240.00	0.13836	7.2275	45.428	48.553	95.879	53.323	162.84	479.74	0.51179	28.118	0.13341	supercritical
680.00	240.00	0.13689	7.3054	45.555	48.714	96.115	52.953	158.70	482.19	0.51191	28.102	0.13177	supercritical
681.00	240.00	0.13547	7.3816	45.679	48.870	96.346	52.594	154.83	484.58	0.51195	28.089	0.13022	supercritical
682.00	240.00	0.13411	7.4563	45.800	49.023	96.570	52.247	151.20	486.91	0.51191	28.079	0.12877	supercritical
683.00	240.00	0.13281	7.5295	45.917	49.173	96.789	51.910	147.80	489.19	0.51181	28.073	0.12741	supercritical
684.00	240.00	0.13156	7.6013	46.033	49.319	97.003	51.583	144.59	491.41	0.51165	28.069	0.12612	supercritical
685.00	240.00	0.13035	7.6718	46.145	49.462	97.212	51.265	141.57	493.59	0.51143	28.067	0.12490	supercritical
686.00	240.00	0.12918	7.7411	46.255	49.602	97.417	50.957	138.72	495.72	0.51115	28.067	0.12374	supercritical
687.00	240.00	0.12805	7.8092	46.363	49.740	97.617	50.657	136.01	497.81	0.51082	28.070	0.12265	supercritical
688.00	240.00	0.12697	7.8761	46.469	49.874	97.813	50.365	133.45	499.86	0.51045	28.074	0.12161	supercritical
689.00	240.00	0.12591	7.9420	46.573	50.007	98.005	50.080	131.02	501.86	0.51003	28.080	0.12062	supercritical
690.00	240.00	0.12489	8.0069	46.675	50.136	98.193	49.804	128.71	503.83	0.50957	28.088	0.11968	supercritical
691.00	240.00	0.12390	8.0707	46.775	50.264	98.378	49.534	126.50	505.76	0.50906	28.098	0.11879	supercritical
692.00	240.00	0.12295	8.1337	46.873	50.390	98.559	49.271	124.40	507.66	0.50852	28.108	0.11794	supercritical
693.00	240.00	0.12201	8.1958	46.969	50.513	98.737	49.014	122.40	509.53	0.50795	28.120	0.11712	supercritical
694.00	240.00	0.12111	8.2570	47.064	50.634	98.913	48.764	120.48	511.36	0.50734	28.134	0.11635	supercritical
695.00	240.00	0.12023	8.3173	47.158	50.754	99.085	48.519	118.65	513.17	0.50670	28.148	0.11560	supercritical
696.00	240.00	0.11938	8.3769	47.250	50.872	99.254	48.281	116.89	514.94	0.50603	28.164	0.11489	supercritical
697.00	240.00	0.11854	8.4358	47.340	50.988	99.421	48.048	115.21	516.69	0.50533	28.181	0.11421	supercritical
698.00	240.00	0.11773	8.4939	47.430	51.102	99.585	47.820	113.59	518.41	0.50461	28.198	0.11356	supercritical
699.00	240.00	0.11694	8.5513	47.518	51.215	99.746	47.598	112.04	520.11	0.50386	28.217	0.11294	supercritical
700.00	240.00	0.11617	8.6080	47.604	51.326	99.905	47.380	110.54	521.78	0.50308	28.237	0.11234	supercritical